0 8 8 4 8 4 2 10
8 0 32 4 16 12 2 2
8 32 0 20 16 12 18 34
4 4 20 0 4 14 2 2
8 16 16 4 0 24 10 10
4 12 12 14 24 0 6 20
2 2 18 2 10 6 0 4
10 2 34 2 10 20 4 0

0 6 15 2 3 18 6 10 
6 0 12 8 3 14 11 7 
15 12 0 16 12 2 17 5 
2 8 16 0 5 18 3 10 
3 3 12 5 0 15 8 7 
18 14 2 18 15 0 19 8 
6 11 17 3 8 19 0 12 
10 7 5 10 7 8 12 0

0 14 14 15 14 11 6 1 2 20 4 1 12 
14 0 12 5 2 12 8 15 12 6 10 12 13 
14 12 0 17 14 3 9 15 12 15 10 13 21 
15 5 17 0 2 17 11 17 14 9 13 14 9 
14 2 14 2 0 14 9 16 13 7 11 13 11 
11 12 3 17 14 0 7 12 9 16 7 10 19 
6 8 9 11 9 7 0 7 4 14 2 5 12 
1 15 15 17 16 12 7 0 3 21 5 2 13 
2 12 12 14 13 9 4 3 0 18 2 1 12 
20 6 15 9 7 16 14 21 18 0 16 19 18 
4 10 10 13 11 7 2 5 2 16 0 3 12 
1 12 13 14 13 10 5 2 1 19 3 0 12 
12 13 21 9 11 19 12 13 12 18 12 12 0 